date,gas,stroom,teruglevering,temp,zonneschijn,duur_neerslag,som_neerslag
2021-05-30,6935.0,18200.0,2910.0,142,147,0,0
2021-05-29,6934.0,18196.0,2890.0,116,73,0,0
2021-05-28,6934.0,18193.0,2865.0,121,124,0,0
2021-05-27,6932.0,18189.0,2856.0,109,34,84,75
2021-05-26,6931.0,18178.0,2845.0,109,52,59,61
2021-05-25,6931.0,18171.0,2832.0,105,37,18,8
2021-05-24,6928.0,18165.0,2825.0,116,14,102,103
2021-05-23,6927.0,18152.0,2816.0,109,34,9,6
2021-05-22,6925.0,18145.0,2808.0,104,9,56,49
2021-05-21,6925.0,18140.0,2794.0,128,77,17,20
2021-05-20,6924.0,18137.0,2777.0,121,51,5,2
2021-05-19,6922.0,18125.0,2770.0,100,25,16,14
2021-05-18,6922.0,18123.0,2748.0,107,87,12,31
2021-05-17,6919.0,18119.0,2739.0,110,26,31,28
2021-05-16,6916.0,18104.0,2732.0,103,22,66,170
2021-05-15,6915.0,18100.0,2722.0,103,13,15,37
2021-05-14,6913.0,18097.0,2712.0,96,56,0,-1
2021-05-13,6912.0,18093.0,2689.0,127,115,0,0
2021-05-12,6912.0,18085.0,2670.0,123,105,0,-1
2021-05-11,6910.0,18082.0,2663.0,133,17,22,166
2021-05-10,6910.0,18078.0,2651.0,154,35,8,12
2021-05-09,6909.0,18064.0,2640.0,183,64,3,2
2021-05-08,6904.0,18059.0,2635.0,102,11,42,36
2021-05-07,6902.0,18056.0,2610.0,73,128,0,0
2021-05-06,6898.0,18051.0,2598.0,69,59,0,-1
2021-05-05,6895.0,18038.0,2581.0,74,106,7,8
2021-05-04,6890.0,18032.0,2577.0,84,32,77,125
2021-05-03,6886.0,18027.0,2566.0,97,23,5,11
2021-05-02,6883.0,18017.0,2550.0,76,105,0,0
2021-05-01,6879.0,18015.0,2532.0,83,90,0,0
2021-04-30,6875.0,18009.0,2528.0,82,0,31,69
2021-04-29,6867.0,17993.0,2528.0,76,0,177,542
2021-04-28,6864.0,17989.0,2508.0,98,85,0,-1
2021-04-27,6861.0,17987.0,2484.0,79,133,0,0
2021-04-26,6859.0,17979.0,2464.0,62,135,0,0
2021-04-25,6854.0,17975.0,2448.0,68,52,0,0
2021-04-24,6851.0,17972.0,2429.0,76,107,0,0
2021-04-23,6851.0,17969.0,2408.0,70,107,0,0
2021-04-22,6847.0,17956.0,2394.0,72,60,0,0
2021-04-21,6845.0,17954.0,2375.0,81,86,0,0
2021-04-20,6843.0,17950.0,2354.0,109,102,0,0
2021-04-19,6841.0,17946.0,2342.0,99,58,0,-1
2021-04-18,6839.0,17937.0,2326.0,81,94,0,0
2021-04-17,6838.0,17935.0,2304.0,70,128,0,0
2021-04-16,6836.0,17931.0,2280.0,67,120,0,0
2021-04-15,6830.0,17928.0,2268.0,53,81,0,0
2021-04-14,6826.0,17917.0,2254.0,48,96,0,-1
2021-04-13,6822.0,17914.0,2235.0,48,107,0,-1
2021-04-12,6815.0,17910.0,2220.0,29,81,7,14
2021-04-11,6810.0,17894.0,2210.0,44,55,32,5
2021-04-10,6797.0,17890.0,2206.0,49,0,106,119
2021-04-09,6795.0,17887.0,2192.0,71,51,0,-1
2021-04-08,6788.0,17881.0,2183.0,54,29,0,-1
2021-04-07,6779.0,17867.0,2174.0,43,53,26,26
2021-04-06,6771.0,17864.0,2159.0,30,75,12,9
2021-04-05,6763.0,17860.0,2144.0,43,58,44,28
2021-04-04,6759.0,17844.0,2139.0,63,29,0,0
2021-04-03,6754.0,17838.0,2127.0,70,47,0,0
2021-04-02,6748.0,17834.0,2122.0,62,9,0,-1
2021-04-01,6746.0,17825.0,2106.0,91,103,0,0
2021-03-31,6745.0,17823.0,2086.0,140,112,0,0
2021-03-30,6744.0,17819.0,2068.0,120,117,0,0
2021-03-29,6742.0,17815.0,2048.0,116,117,0,0
2021-03-28,6738.0,17799.0,2046.0,91,24,8,1
2021-03-27,6733.0,17792.0,2036.0,62,64,5,6
2021-03-26,6732.0,17787.0,2024.0,98,64,25,11
2021-03-25,6727.0,17781.0,2016.0,77,48,0,-1
2021-03-24,6725.0,17768.0,2002.0,73,103,0,0
2021-03-23,6719.0,17763.0,1994.0,69,16,0,0
2021-03-22,6712.0,17759.0,1987.0,62,13,0,-1
2021-03-21,6704.0,17744.0,1984.0,64,9,0,-1
2021-03-20,6698.0,17737.0,1975.0,41,44,3,1
2021-03-19,6694.0,17733.0,1957.0,44,101,0,0
2021-03-18,6687.0,17727.0,1948.0,43,41,9,2
2021-03-17,6681.0,17713.0,1943.0,46,31,20,6
2021-03-16,6675.0,17707.0,1938.0,57,12,79,34
2021-03-15,6668.0,17702.0,1932.0,67,40,16,10
2021-03-14,6663.0,17690.0,1925.0,65,33,29,49
2021-03-13,6656.0,17684.0,1920.0,68,27,58,88
2021-03-12,6649.0,17677.0,1916.0,65,38,30,75
2021-03-11,6642.0,17672.0,1912.0,88,26,51,33
2021-03-10,6633.0,17657.0,1911.0,55,0,73,28
2021-03-09,6626.0,17650.0,1909.0,53,4,47,13
2021-03-08,6619.0,17645.0,1904.0,51,0,70,48
2021-03-07,6612.0,17630.0,1903.0,23,0,0,0
2021-03-06,6605.0,17625.0,1896.0,13,55,0,0
2021-03-05,6603.0,17622.0,1880.0,23,97,0,0
2021-03-04,6594.0,17617.0,1879.0,41,0,0,-1
2021-03-03,6588.0,17599.0,1877.0,34,3,0,0
2021-03-02,6583.0,17593.0,1862.0,55,99,0,0
2021-03-01,6574.0,17587.0,1852.0,50,70,0,0
2021-02-28,6570.0,17569.0,1846.0,33,74,0,0
2021-02-27,6563.0,17564.0,1841.0,39,35,0,0
2021-02-26,6560.0,17560.0,1827.0,61,92,0,-1
2021-02-25,6557.0,17556.0,1817.0,105,78,0,0
2021-02-24,6555.0,17541.0,1811.0,129,69,0,0
2021-02-23,6553.0,17536.0,1805.0,126,42,0,0
2021-02-22,6550.0,17531.0,1799.0,115,58,0,0
2021-02-21,6547.0,17519.0,1791.0,114,78,0,0
2021-02-20,6546.0,17514.0,1782.0,119,77,0,-1
2021-02-19,6540.0,17508.0,1774.0,71,70,0,0
2021-02-18,6533.0,17503.0,1771.0,81,11,44,50
2021-02-17,6527.0,17487.0,1770.0,89,10,0,-1
2021-02-16,6519.0,17483.0,1767.0,62,17,24,8
2021-02-15,6508.0,17475.0,1767.0,25,0,76,39
2021-02-14,6499.0,17458.0,1762.0,-7,90,0,0
2021-02-13,6489.0,17453.0,1751.0,-63,89,0,0
2021-02-12,6481.0,17447.0,1741.0,-71,89,0,-1
2021-02-11,6470.0,17442.0,1728.0,-62,87,0,0
2021-02-10,6457.0,17429.0,1724.0,-42,77,0,-1
2021-02-09,6444.0,17425.0,1717.0,-51,70,0,-1
2021-02-08,6425.0,17418.0,1716.0,-56,0,47,14
2021-02-07,6406.0,17398.0,1716.0,-44,0,149,49
2021-02-06,6394.0,17395.0,1716.0,15,0,37,34
2021-02-05,6385.0,17389.0,1714.0,53,14,22,14
2021-02-04,6378.0,17385.0,1710.0,62,39,0,-1
2021-02-03,6370.0,17368.0,1710.0,81,0,82,138
2021-02-02,6358.0,17362.0,1710.0,23,0,40,18
2021-02-01,6347.0,17356.0,1709.0,3,0,27,5
2021-01-31,6335.0,17343.0,1703.0,-16,75,0,0
2021-01-30,6321.0,17336.0,1701.0,-2,5,0,0
2021-01-29,6312.0,17329.0,1700.0,60,1,73,98
2021-01-28,6302.0,17323.0,1700.0,41,0,87,74
2021-01-27,6293.0,17304.0,1700.0,45,0,39,13
2021-01-26,6284.0,17299.0,1696.0,39,38,3,2
2021-01-25,6276.0,17291.0,1690.0,12,63,18,18
2021-01-24,6267.0,17276.0,1688.0,17,46,0,-1
2021-01-23,6258.0,17267.0,1686.0,31,28,6,2
2021-01-22,6249.0,17262.0,1679.0,36,54,20,16
2021-01-21,6243.0,17254.0,1677.0,69,36,68,95
2021-01-20,6236.0,17237.0,1677.0,88,5,0,-1
2021-01-19,6227.0,17230.0,1677.0,76,0,113,129
2021-01-18,6218.0,17224.0,1676.0,40,6,0,-1
2021-01-17,6208.0,17204.0,1675.0,29,11,21,12
2021-01-16,6201.0,17196.0,1675.0,7,0,40,9
2021-01-15,6191.0,17191.0,1675.0,14,0,0,-1
2021-01-14,6180.0,17185.0,1671.0,10,26,0,0
2021-01-13,6171.0,17169.0,1669.0,42,47,22,12
2021-01-12,6162.0,17161.0,1665.0,50,48,71,94
2021-01-11,6154.0,17153.0,1665.0,50,2,46,32
2021-01-10,6150.0,17135.0,1664.0,18,17,0,-1
2021-01-09,6139.0,17126.0,1660.0,15,43,4,1
2021-01-08,6130.0,17117.0,1658.0,17,38,26,4
2021-01-07,6120.0,17089.0,1658.0,28,5,122,27
2021-01-06,6107.0,17079.0,1658.0,22,0,7,2
2021-01-05,6095.0,17071.0,1658.0,28,0,20,6
2021-01-04,6084.0,17065.0,1658.0,28,0,36,11
2021-01-03,6077.0,17044.0,1658.0,34,4,10,2
2021-01-02,6067.0,17030.0,1658.0,34,0,8,5
2021-01-01,6057.0,17021.0,1656.0,19,32,5,1
2020-12-31,6047.0,17008.0,1655.0,21,15,0,-1
2020-12-30,6039.0,16988.0,1654.0,37,41,16,6
2020-12-29,6033.0,16977.0,1654.0,37,11,19,6
2020-12-28,6023.0,16967.0,1652.0,36,27,22,11
2020-12-27,6015.0,16941.0,1652.0,51,0,154,124
2020-12-26,6009.0,16933.0,1652.0,46,10,10,3
2020-12-25,6004.0,16916.0,1651.0,37,50,2,1
2020-12-24,5995.0,16906.0,1651.0,54,10,79,135
2020-12-23,5991.0,16883.0,1651.0,100,2,126,188
2020-12-22,5986.0,16873.0,1651.0,99,0,35,92
2020-12-21,5977.0,16865.0,1651.0,77,0,98,104
2020-12-20,5971.0,16845.0,1650.0,82,13,0,0
2020-12-19,5965.0,16836.0,1648.0,88,23,3,1
2020-12-18,5960.0,16828.0,1646.0,82,45,0,0
2020-12-17,5953.0,16821.0,1645.0,87,14,55,39
2020-12-16,5945.0,16802.0,1642.0,81,64,0,-1
2020-12-15,5941.0,16794.0,1641.0,86,10,10,2
2020-12-14,5935.0,16787.0,1641.0,93,7,30,21
2020-12-13,5927.0,16771.0,1641.0,61,8,0,-1
2020-12-12,5916.0,16764.0,1641.0,53,0,8,5
2020-12-11,5902.0,16758.0,1640.0,22,0,41,8
2020-12-10,5889.0,16753.0,1638.0,6,43,0,0
2020-12-09,5877.0,16736.0,1638.0,8,0,0,0
2020-12-08,5868.0,16728.0,1638.0,16,2,0,0
2020-12-07,5857.0,16720.0,1638.0,48,0,113,95
2020-12-06,5848.0,16697.0,1637.0,23,0,25,9
2020-12-05,5839.0,16689.0,1633.0,19,47,0,0
2020-12-04,5830.0,16683.0,1630.0,52,39,20,5
2020-12-03,5822.0,16677.0,1630.0,54,2,70,25
2020-12-02,5812.0,16658.0,1630.0,54,0,2,1
2020-12-01,5807.0,16653.0,1629.0,79,10,5,3
2020-11-30,5795.0,16644.0,1629.0,23,0,82,77
2020-11-29,5786.0,16628.0,1628.0,9,26,0,0
2020-11-28,5779.0,16621.0,1628.0,38,0,0,0
2020-11-27,5772.0,16612.0,1628.0,66,0,31,30
2020-11-26,5765.0,16595.0,1628.0,85,0,74,32
2020-11-25,5758.0,16589.0,1622.0,67,61,0,0
2020-11-24,5751.0,16583.0,1622.0,77,13,0,0
2020-11-23,5744.0,16577.0,1615.0,51,70,0,-1
2020-11-22,5740.0,16572.0,1611.0,79,38,29,21
2020-11-21,5733.0,16563.0,1611.0,84,0,23,5
2020-11-20,5727.0,16558.0,1608.0,56,32,0,-1
2020-11-19,5723.0,16552.0,1605.0,83,24,34,41
2020-11-18,5721.0,16539.0,1602.0,127,60,7,2
2020-11-17,5714.0,16531.0,1602.0,120,3,9,4
2020-11-16,5709.0,16525.0,1601.0,98,5,24,15
2020-11-15,5707.0,16503.0,1600.0,124,14,50,64
2020-11-14,5705.0,16495.0,1598.0,115,19,25,13
2020-11-13,5701.0,16487.0,1597.0,93,23,0,-1
2020-11-12,5697.0,16481.0,1594.0,99,30,11,25
2020-11-11,5692.0,16465.0,1593.0,115,18,0,0
2020-11-10,5685.0,16461.0,1586.0,90,64,3,1
2020-11-09,5682.0,16454.0,1581.0,117,47,6,2
2020-11-08,5681.0,16439.0,1578.0,76,70,0,0
2020-11-07,5675.0,16430.0,1572.0,63,74,0,0
2020-11-06,5669.0,16425.0,1566.0,78,52,0,0
2020-11-05,5665.0,16408.0,1564.0,69,43,0,-1
2020-11-04,5660.0,16402.0,1555.0,67,70,0,-1
2020-11-03,5657.0,16399.0,1547.0,89,59,9,8
2020-11-02,5656.0,16394.0,1546.0,157,7,4,7
2020-11-01,5654.0,16375.0,1544.0,139,18,20,15
2020-10-31,5651.0,16364.0,1543.0,134,18,11,25
2020-10-30,5647.0,16360.0,1543.0,144,0,56,17
2020-10-29,5643.0,16354.0,1539.0,104,29,75,48
2020-10-28,5638.0,16337.0,1535.0,101,27,39,28
2020-10-27,5633.0,16331.0,1532.0,101,33,32,20
2020-10-26,5630.0,16324.0,1528.0,102,29,0,-1
2020-10-25,5626.0,16315.0,1527.0,120,1,26,84
2020-10-24,5623.0,16298.0,1525.0,136,14,0,-1
2020-10-23,5622.0,16292.0,1517.0,121,55,0,0
2020-10-22,5619.0,16288.0,1510.0,132,61,3,1
2020-10-21,5617.0,16284.0,1508.0,149,14,93,68
2020-10-20,5611.0,16278.0,1508.0,115,0,7,2
2020-10-19,5606.0,16274.0,1507.0,90,4,0,0
2020-10-18,5602.0,16270.0,1503.0,83,26,4,2
2020-10-17,5598.0,16266.0,1499.0,75,25,20,5
2020-10-16,5594.0,16261.0,1492.0,84,41,0,0
2020-10-15,5589.0,16257.0,1487.0,93,2,0,0
2020-10-14,5583.0,16255.0,1481.0,94,43,0,0
2020-10-13,5579.0,16252.0,1473.0,91,61,0,0
2020-10-12,5575.0,16247.0,1467.0,102,39,0,0
2020-10-11,5571.0,16232.0,1463.0,98,50,8,7
2020-10-10,5567.0,16222.0,1458.0,81,27,62,107
2020-10-09,5564.0,16216.0,1454.0,110,27,29,59
2020-10-08,5560.0,16207.0,1454.0,130,0,106,100
2020-10-07,5558.0,16192.0,1449.0,123,45,38,44
2020-10-06,5554.0,16188.0,1446.0,126,17,87,262
2020-10-05,5549.0,16183.0,1445.0,120,9,21,35
2020-10-04,5548.0,16167.0,1440.0,120,35,0,-1
2020-10-03,5545.0,16161.0,1440.0,127,3,29,42
2020-10-02,5541.0,16157.0,1432.0,128,34,0,-1
2020-10-01,5541.0,16152.0,1431.0,134,0,35,50
2020-09-30,5540.0,16135.0,1429.0,152,11,12,44
2020-09-29,5540.0,16129.0,1421.0,147,40,56,51
2020-09-28,5540.0,16123.0,1420.0,129,0,59,46
2020-09-27,5539.0,16107.0,1416.0,144,29,21,4
2020-09-26,5538.0,16101.0,1409.0,126,32,66,107
2020-09-25,5537.0,16097.0,1399.0,114,67,2,1
2020-09-24,5537.0,16094.0,1388.0,138,68,23,28
2020-09-23,5537.0,16091.0,1380.0,160,38,53,114
2020-09-22,5536.0,16080.0,1370.0,147,83,0,0
2020-09-21,5536.0,16077.0,1353.0,147,112,0,0
2020-09-20,5536.0,16073.0,1339.0,136,114,0,0
2020-09-19,5536.0,16060.0,1326.0,135,114,0,0
2020-09-18,5535.0,16055.0,1309.0,127,114,0,0
2020-09-17,5534.0,16053.0,1290.0,132,112,0,0
2020-09-16,5534.0,16042.0,1282.0,178,68,0,0
2020-09-15,5534.0,16038.0,1266.0,214,104,0,0
2020-09-14,5534.0,16035.0,1248.0,188,113,0,0
2020-09-13,5533.0,16022.0,1235.0,165,89,0,0
2020-09-12,5532.0,16017.0,1227.0,145,47,0,0
2020-09-11,5532.0,16013.0,1214.0,146,99,0,0
2020-09-10,5532.0,16010.0,1196.0,142,98,0,0
2020-09-09,5532.0,15993.0,1195.0,166,6,9,4
2020-09-08,5531.0,15988.0,1193.0,172,0,5,2
2020-09-07,5531.0,15983.0,1181.0,154,63,0,-1
2020-09-06,5531.0,15969.0,1172.0,136,51,11,6
2020-09-05,5530.0,15966.0,1159.0,146,68,40,72
2020-09-04,5530.0,15962.0,1145.0,173,44,0,-1
2020-09-03,5530.0,15957.0,1144.0,157,0,141,181
2020-09-02,5529.0,15947.0,1129.0,151,123,0,0
2020-09-01,5529.0,15943.0,1117.0,150,78,0,0
2020-08-31,5529.0,15940.0,1104.0,153,63,0,-1
2020-08-30,5528.0,15924.0,1099.0,162,27,17,81
2020-08-29,5528.0,15921.0,1086.0,150,65,19,36
2020-08-28,5528.0,15916.0,1077.0,158,51,45,119
2020-08-27,5527.0,15912.0,1070.0,155,30,11,6
2020-08-26,5527.0,15908.0,1067.0,163,10,84,166
2020-08-25,5527.0,15893.0,1063.0,165,21,26,20
2020-08-24,5526.0,15888.0,1045.0,168,72,36,52
2020-08-23,5526.0,15885.0,1033.0,172,66,19,49
2020-08-22,5526.0,15872.0,1018.0,189,74,12,39
2020-08-21,5525.0,15870.0,997.0,235,100,0,-1
2020-08-20,5525.0,15869.0,984.0,235,43,0,-1
2020-08-19,5525.0,15869.0,963.0,215,96,0,-1
2020-08-18,5525.0,15867.0,942.0,185,91,1,1
2020-08-17,5525.0,15867.0,930.0,188,32,15,47
2020-08-16,5524.0,15864.0,913.0,226,58,22,192
2020-08-15,5524.0,15863.0,897.0,222,47,6,4
2020-08-14,5524.0,15860.0,881.0,223,52,18,43
2020-08-13,5524.0,15859.0,861.0,249,93,0,-1
2020-08-12,5524.0,15858.0,840.0,261,115,3,1
2020-08-11,5523.0,15857.0,819.0,254,89,16,7
2020-08-10,5523.0,15856.0,795.0,247,112,0,0
2020-08-09,5523.0,15854.0,774.0,248,92,0,0
2020-08-08,5523.0,15853.0,752.0,254,122,0,0
2020-08-07,5523.0,15852.0,727.0,246,140,0,0
2020-08-06,5522.0,15852.0,704.0,218,136,0,0
2020-08-05,5522.0,15851.0,677.0,206,137,0,0
2020-08-04,5522.0,15849.0,650.0,168,119,0,0
2020-08-03,5522.0,15849.0,638.0,158,29,16,90
2020-08-02,5522.0,15836.0,618.0,172,98,0,0
2020-08-01,5521.0,15833.0,605.0,206,55,0,-1
2020-07-31,5521.0,15830.0,579.0,232,143,0,0
2020-07-30,5521.0,15827.0,556.0,180,122,0,0
2020-07-29,5520.0,15811.0,541.0,159,92,0,0
2020-07-28,5520.0,15807.0,525.0,175,78,1,2
2020-07-27,5520.0,15802.0,518.0,178,23,20,24
2020-07-26,5519.0,15787.0,495.0,179,118,17,39
2020-07-25,5519.0,15781.0,489.0,182,22,59,199
2020-07-24,5518.0,15777.0,476.0,181,43,6,3
2020-07-23,5518.0,15764.0,461.0,179,35,0,-1
2020-07-22,5517.0,15764.0,444.0,150,64,0,-1
2020-07-21,5517.0,15762.0,418.0,159,144,0,0
2020-07-20,5517.0,15760.0,392.0,164,128,0,-1
2020-07-19,5517.0,15759.0,373.0,182,48,33,31
2020-07-18,5517.0,15757.0,355.0,199,88,0,0
2020-07-17,5516.0,15756.0,338.0,188,41,0,-1
2020-07-16,5516.0,15755.0,326.0,164,14,11,37
2020-07-15,5516.0,15754.0,299.0,157,111,4,2
2020-07-14,5516.0,15752.0,295.0,156,17,42,40
2020-07-13,5516.0,15751.0,268.0,178,144,0,0
2020-07-12,5516.0,15741.0,243.0,156,125,7,9
2020-07-11,5515.0,15739.0,218.0,148,140,0,0
2020-07-10,5514.0,15737.0,206.0,143,44,34,19
2020-07-09,5514.0,15734.0,202.0,164,0,151,160
2020-07-08,5514.0,15732.0,198.0,140,0,112,131
2020-07-07,5514.0,15730.0,179.0,139,49,53,58
2020-07-06,5513.0,15728.0,162.0,149,82,18,54
2020-07-05,5513.0,15726.0,145.0,180,53,12,4
2020-07-04,5512.0,15708.0,142.0,166,0,92,52
2020-07-03,5512.0,15706.0,123.0,173,68,0,0
2020-07-02,5511.0,15702.0,105.0,169,61,10,86
2020-07-01,5510.0,15690.0,91.0,176,52,6,5
2020-06-30,5510.0,15686.0,82.0,157,11,63,65
2020-06-29,5510.0,15684.0,72.0,159,50,0,-1
2020-06-28,5509.0,15669.0,55.0,176,99,3,5
2020-06-27,5508.0,15666.0,,208,63,13,18
2020-06-26,5508.0,15664.0,,246,142,17,9
2020-06-25,5507.0,15661.0,,233,152,0,0
2020-06-24,5507.0,15644.0,,218,150,0,0
2020-06-23,5507.0,15638.0,,195,153,0,0
2020-06-22,5506.0,15630.0,,175,151,0,0
2020-06-21,5505.0,15607.0,,187,80,0,-1
2020-06-20,5504.0,15598.0,,173,133,0,0
2020-06-19,5504.0,15590.0,,178,112,0,0
2020-06-18,5504.0,15582.0,,182,34,50,64
2020-06-17,5503.0,15565.0,,186,71,20,60
2020-06-16,5503.0,15557.0,,185,4,5,1
2020-06-15,5502.0,15552.0,,192,98,0,0
2020-06-14,5501.0,15532.0,,192,50,25,4
2020-06-13,5501.0,15525.0,,201,81,36,202
2020-06-12,5501.0,15519.0,,203,91,8,60
2020-06-11,5500.0,15513.0,,156,45,48,48
2020-06-10,5500.0,15495.0,,137,37,0,0
2020-06-09,5500.0,15486.0,,129,50,0,0
2020-06-08,5499.0,15479.0,,141,69,20,25
2020-06-07,5499.0,15462.0,,124,31,54,73
2020-06-06,5498.0,15455.0,,113,78,23,31
2020-06-05,5498.0,15450.0,,99,25,31,118
2020-06-04,5498.0,15443.0,,128,2,63,58
2020-06-03,5497.0,15426.0,,173,94,8,3
2020-06-02,5497.0,15420.0,,200,137,0,0
2020-06-01,5496.0,15413.0,,178,120,0,0
2020-05-31,5496.0,15392.0,,163,145,0,0
2020-05-30,5495.0,15383.0,,169,150,0,0
2020-05-29,5495.0,15377.0,,144,152,0,0
2020-05-28,5494.0,15372.0,,136,146,0,0
2020-05-27,5494.0,15355.0,,153,143,0,0
2020-05-26,5493.0,15348.0,,161,144,0,0
2020-05-25,5493.0,15342.0,,149,111,0,0
2020-05-24,5493.0,15320.0,,135,28,50,48
2020-05-23,5492.0,15311.0,,151,89,0,0
2020-05-22,5491.0,15300.0,,189,38,0,-1
2020-05-21,5490.0,15289.0,,192,144,0,0
2020-05-20,5489.0,15267.0,,165,100,0,0
2020-05-19,5488.0,15256.0,,157,111,0,0
2020-05-18,5487.0,15246.0,,143,114,0,0
2020-05-17,5487.0,15217.0,,123,138,0,0
2020-05-16,5486.0,15202.0,,109,65,0,0
2020-05-15,5485.0,15190.0,,93,114,0,0
2020-05-14,5483.0,15180.0,,79,122,0,0
2020-05-13,5481.0,15157.0,,73,61,13,21
2020-05-12,5481.0,15146.0,,86,58,6,5
2020-05-11,5479.0,15136.0,,87,114,0,-1
2020-05-10,5479.0,15110.0,,122,33,0,0
2020-05-09,5478.0,15100.0,,167,139,0,0
2020-05-08,5477.0,15091.0,,144,119,0,0
2020-05-07,5476.0,15081.0,,112,130,0,0
2020-05-06,5475.0,15058.0,,95,144,0,0
2020-05-05,5475.0,15048.0,,92,137,0,0
2020-05-04,5474.0,15039.0,,103,115,0,-1
2020-05-03,5473.0,15018.0,,102,63,33,44
2020-05-02,5470.0,15007.0,,100,52,18,31
2020-05-01,5467.0,14996.0,,97,62,28,43
2020-04-30,5464.0,14986.0,,117,93,11,35
2020-04-29,5461.0,14962.0,,111,27,67,35
2020-04-28,5458.0,14952.0,,89,2,42,16
2020-04-27,5457.0,14942.0,,125,108,0,-1
2020-04-26,5454.0,14916.0,,93,110,0,0
2020-04-25,5451.0,14902.0,,93,69,0,0
2020-04-24,5449.0,14893.0,,115,130,0,0
2020-04-23,5449.0,14885.0,,146,132,0,0
2020-04-22,5448.0,14863.0,,138,134,0,0
2020-04-21,5447.0,14853.0,,127,132,0,0
2020-04-20,5446.0,14843.0,,113,132,0,0
2020-04-19,5445.0,14820.0,,112,132,0,0
2020-04-18,5441.0,14809.0,,117,63,0,-1
2020-04-17,5438.0,14800.0,,93,128,0,0
2020-04-16,5437.0,14790.0,,114,117,0,0
2020-04-15,5433.0,14764.0,,81,121,0,0
2020-04-14,5429.0,14755.0,,62,50,4,2
2020-04-13,5426.0,14745.0,,75,57,0,0
2020-04-12,5424.0,14719.0,,138,79,0,-1
2020-04-11,5423.0,14710.0,,118,123,0,0
2020-04-10,5421.0,14700.0,,94,125,0,0
2020-04-09,5420.0,14691.0,,121,116,0,0
2020-04-08,5419.0,14669.0,,131,110,0,0
2020-04-07,5417.0,14659.0,,110,85,0,0
2020-04-06,5415.0,14647.0,,142,100,2,1
2020-04-05,5414.0,14617.0,,130,122,0,0
2020-04-04,5410.0,14604.0,,86,102,0,0
2020-04-03,5405.0,14595.0,,58,20,0,-1
2020-04-02,5401.0,14586.0,,75,39,11,7
2020-04-01,5396.0,14564.0,,44,82,0,0
2020-03-31,5392.0,14554.0,,35,120,0,0
2020-03-30,5385.0,14547.0,,41,64,7,2
2020-03-29,5380.0,14519.0,,47,115,0,0
2020-03-28,5375.0,14510.0,,71,115,0,0
2020-03-27,5370.0,14501.0,,75,115,0,0
2020-03-26,5365.0,14491.0,,46,117,0,0
2020-03-25,5359.0,14468.0,,54,115,0,0
2020-03-24,5354.0,14459.0,,58,111,0,0
2020-03-23,5349.0,14449.0,,46,113,0,0
2020-03-22,5342.0,14422.0,,38,113,0,0
2020-03-21,5335.0,14412.0,,41,101,0,0
2020-03-20,5327.0,14400.0,,63,10,0,0
2020-03-19,5320.0,14390.0,,81,5,5,1
2020-03-18,5315.0,14367.0,,97,18,0,0
2020-03-17,5312.0,14355.0,,80,60,0,0
2020-03-16,5309.0,14341.0,,72,69,0,0
2020-03-15,5306.0,14317.0,,96,5,0,0
2020-03-14,5302.0,14306.0,,65,71,0,-1
2020-03-13,5294.0,14299.0,,57,23,47,49
2020-03-12,5290.0,14292.0,,83,86,2,1
2020-03-11,5287.0,14274.0,,108,67,42,37
2020-03-10,5283.0,14267.0,,102,0,147,138
2020-03-09,5278.0,14261.0,,75,37,18,53
2020-03-08,5270.0,14240.0,,87,8,10,4
2020-03-07,5265.0,14233.0,,67,68,0,-1
2020-03-06,5260.0,14212.0,,62,29,39,37
2020-03-05,5251.0,14206.0,,56,0,62,81
2020-03-04,5245.0,14199.0,,57,73,13,3
2020-03-03,5241.0,14192.0,,44,91,0,-1
2020-03-02,5234.0,14184.0,,53,0,86,59
2020-03-01,5230.0,14160.0,,59,44,3,3
2020-02-29,5221.0,14152.0,,85,34,19,34
2020-02-28,5214.0,14144.0,,42,19,70,86
2020-02-27,5204.0,14138.0,,27,0,59,42
2020-02-26,5195.0,14119.0,,35,37,60,100
2020-02-25,5191.0,14111.0,,58,64,24,54
2020-02-24,5183.0,14105.0,,73,0,62,118
2020-02-23,5176.0,14084.0,,80,12,97,223
2020-02-22,5168.0,14074.0,,89,4,49,64
2020-02-21,5162.0,14066.0,,70,32,0,0
2020-02-20,5155.0,14059.0,,79,13,58,63
2020-02-19,5147.0,14038.0,,59,26,19,4
2020-02-18,5142.0,14030.0,,73,63,26,68
2020-02-17,5137.0,14022.0,,77,56,10,18
2020-02-16,5131.0,14001.0,,117,0,72,113
2020-02-15,5126.0,13992.0,,103,7,4,2
2020-02-14,5118.0,13984.0,,69,20,0,0
2020-02-13,5109.0,13976.0,,52,10,69,97
2020-02-12,5102.0,13957.0,,51,49,0,-1
2020-02-11,5094.0,13950.0,,59,14,6,3
2020-02-10,5087.0,13940.0,,74,23,21,63
2020-02-09,5080.0,13920.0,,97,0,51,125
2020-02-08,5075.0,13909.0,,67,5,26,11
2020-02-07,5067.0,13902.0,,46,83,0,0
2020-02-06,5060.0,13891.0,,49,45,0,0
2020-02-05,5055.0,13870.0,,38,60,0,0
2020-02-04,5046.0,13862.0,,54,16,35,66
2020-02-03,5038.0,13854.0,,91,41,0,0
2020-02-02,5032.0,13832.0,,85,0,67,61
2020-02-01,5026.0,13826.0,,104,25,18,8
2020-01-31,5018.0,13817.0,,105,0,4,1
2020-01-30,5011.0,13810.0,,85,17,17,2
2020-01-29,5003.0,13790.0,,57,28,6,3
2020-01-28,4994.0,13781.0,,50,27,40,32
2020-01-27,4988.0,13772.0,,81,2,64,72
2020-01-26,4983.0,13749.0,,52,46,9,3
2020-01-25,4974.0,13740.0,,24,0,0,0
2020-01-24,4967.0,13731.0,,27,0,0,0
2020-01-23,4959.0,13723.0,,46,10,0,-1
2020-01-22,4951.0,13704.0,,51,1,46,12
2020-01-21,4943.0,13695.0,,23,47,0,0
2020-01-20,4935.0,13688.0,,33,5,0,0
2020-01-19,4931.0,13666.0,,50,52,1,1
2020-01-18,4925.0,13657.0,,44,19,19,15
2020-01-17,4919.0,13648.0,,82,5,30,20
2020-01-16,4911.0,13640.0,,71,72,0,0
2020-01-15,4905.0,13619.0,,91,3,64,41
2020-01-14,4899.0,13613.0,,104,0,104,78
2020-01-13,4893.0,13604.0,,75,33,0,-1
2020-01-12,4884.0,13582.0,,67,0,28,25
2020-01-11,4877.0,13571.0,,56,21,0,0
2020-01-10,4870.0,13561.0,,61,20,7,3
2020-01-09,4864.0,13554.0,,114,0,62,34
2020-01-08,4857.0,13534.0,,102,2,56,17
2020-01-07,4850.0,13527.0,,63,14,0,-1
2020-01-06,4842.0,13518.0,,58,27,7,9
2020-01-05,4835.0,13494.0,,65,0,3,1
2020-01-04,4826.0,13477.0,,63,0,9,6
2020-01-03,4816.0,13468.0,,72,0,57,47
2020-01-02,4802.0,13457.0,,35,0,0,0
2020-01-01,4790.0,13436.0,,4,7,0,0
2019-12-31,4784.0,13430.0,,36,43,0,0
2019-12-30,4773.0,13414.0,,39,53,0,0
2019-12-29,4756.0,13406.0,,14,20,0,0
2019-12-28,4750.0,13400.0,,1,37,0,0
2019-12-27,4749.0,13396.0,,23,65,0,-1
2019-12-26,4743.0,13390.0,,55,0,0,-1
2019-12-25,4740.0,13356.0,,68,23,10,7
2019-12-24,4731.0,13347.0,,76,2,47,48
2019-12-23,4726.0,13338.0,,74,7,16,17
2019-12-22,4719.0,13314.0,,76,0,82,46
2019-12-21,4713.0,13304.0,,73,15,5,1
2019-12-20,4706.0,13295.0,,105,0,9,3
2019-12-19,4698.0,13288.0,,108,63,7,10
2019-12-18,4691.0,13266.0,,67,39,0,-1
2019-12-17,4684.0,13259.0,,93,10,21,11
2019-12-16,4678.0,13250.0,,67,0,38,13
2019-12-15,4668.0,13226.0,,69,28,19,16
2019-12-14,4660.0,13215.0,,54,13,49,81
2019-12-13,4649.0,13206.0,,43,0,116,65
2019-12-12,4640.0,13198.0,,45,63,8,2
2019-12-11,4633.0,13178.0,,62,14,37,23
2019-12-10,4624.0,13171.0,,50,46,0,-1
2019-12-09,4617.0,13161.0,,63,17,37,91
2019-12-08,4609.0,13145.0,,90,12,39,31
2019-12-07,4604.0,13132.0,,90,0,0,-1
2019-12-06,4597.0,13123.0,,68,0,90,112
2019-12-05,4587.0,13114.0,,17,13,5,2
2019-12-04,4578.0,13090.0,,23,65,0,0
2019-12-03,4572.0,13084.0,,50,54,0,-1
2019-12-02,4563.0,13075.0,,48,45,13,6
2019-12-01,4556.0,13052.0,,-3,32,0,-1
2019-11-30,4552.0,13040.0,,14,66,0,-1
2019-11-29,4544.0,13030.0,,54,34,0,-1
2019-11-28,4538.0,13021.0,,93,8,104,163
2019-11-27,4531.0,13002.0,,103,2,70,84
2019-11-26,4523.0,12994.0,,93,0,18,12
2019-11-25,4516.0,12986.0,,66,38,0,0
2019-11-24,4506.0,12965.0,,43,56,0,0
2019-11-23,4497.0,12954.0,,54,0,0,0
2019-11-22,4489.0,12943.0,,60,43,7,1
2019-11-21,4478.0,12935.0,,28,23,0,0
2019-11-20,4469.0,12915.0,,11,70,0,0
2019-11-19,4461.0,12905.0,,48,45,22,12
2019-11-18,4452.0,12896.0,,69,2,52,75
2019-11-17,4444.0,12875.0,,45,49,17,9
2019-11-16,4434.0,12865.0,,45,4,0,0
2019-11-15,4423.0,12851.0,,40,0,0,0
2019-11-14,4414.0,12843.0,,52,9,0,0
2019-11-13,4406.0,12825.0,,58,29,42,24
2019-11-12,4398.0,12816.0,,51,22,29,60
2019-11-11,4388.0,12809.0,,51,0,49,78
2019-11-10,4383.0,12790.0,,32,80,0,0
2019-11-09,4379.0,12777.0,,63,15,27,16
2019-11-08,4371.0,12769.0,,53,75,0,0
2019-11-07,4362.0,12762.0,,74,0,41,39
2019-11-06,4357.0,12740.0,,75,36,5,1
2019-11-05,4351.0,12731.0,,95,26,86,117
2019-11-04,4347.0,12720.0,,99,5,15,13
2019-11-03,4344.0,12697.0,,106,29,60,139
2019-11-02,4340.0,12686.0,,128,37,48,68
2019-11-01,4331.0,12678.0,,67,0,63,29
2019-10-31,4324.0,12669.0,,22,85,0,0
2019-10-30,4316.0,12642.0,,31,87,0,0
2019-10-29,4310.0,12634.0,,58,80,0,0
2019-10-28,4306.0,12626.0,,79,72,0,-1
2019-10-27,4299.0,12605.0,,94,53,13,4
2019-10-26,4297.0,12587.0,,159,32,29,23
2019-10-25,4297.0,12584.0,,137,43,5,3
2019-10-24,4296.0,12579.0,,141,25,5,11
2019-10-23,4294.0,12572.0,,104,47,0,-1
2019-10-22,4290.0,12555.0,,115,7,3,3
2019-10-21,4285.0,12550.0,,119,14,59,94
2019-10-20,4282.0,12544.0,,108,15,0,-1
2019-10-19,4278.0,12538.0,,118,38,5,2
2019-10-18,4275.0,12521.0,,124,38,13,8
2019-10-17,4271.0,12517.0,,132,53,44,24
2019-10-16,4271.0,12509.0,,132,32,64,63
2019-10-15,4270.0,12502.0,,150,20,25,27
2019-10-14,4268.0,12495.0,,142,18,4,7
2019-10-13,4267.0,12490.0,,158,13,10,112
2019-10-12,4263.0,12484.0,,120,0,143,77
2019-10-11,4260.0,12476.0,,144,0,56,39
2019-10-10,4258.0,12460.0,,121,88,3,6
2019-10-09,4253.0,12454.0,,110,2,68,154
2019-10-08,4250.0,12448.0,,131,10,41,46
2019-10-07,4248.0,12442.0,,91,50,15,6
2019-10-06,4243.0,12427.0,,93,0,49,28
2019-10-05,4243.0,12421.0,,92,88,0,0
2019-10-04,4237.0,12412.0,,98,0,57,71
2019-10-03,4236.0,12404.0,,115,62,0,-1
2019-10-02,4233.0,12383.0,,113,69,22,41
2019-10-01,4232.0,12374.0,,144,10,115,301
2019-09-30,4231.0,12364.0,,144,62,29,33
2019-09-29,4229.0,12342.0,,149,0,102,94
2019-09-28,4228.0,12334.0,,151,71,17,69
2019-09-27,4227.0,12326.0,,156,64,8,15
2019-09-26,4225.0,12319.0,,158,0,65,144
2019-09-25,4224.0,12300.0,,155,23,9,10
2019-09-24,4223.0,12293.0,,155,3,41,28
2019-09-23,4223.0,12284.0,0.0,159,30,19,5
2019-09-22,4222.0,12263.0,,181,86,24,11
2019-09-21,4221.0,12251.0,,146,114,0,0
2019-09-20,4220.0,12242.0,,118,110,0,0
2019-09-19,4219.0,12223.0,,122,61,5,2
2019-09-18,4219.0,12216.0,,126,88,0,-1
2019-09-17,4218.0,12209.0,,137,66,0,-1
2019-09-16,4218.0,12203.0,,130,8,90,99
2019-09-15,4216.0,12181.0,,153,70,10,14
2019-09-14,4216.0,12173.0,,132,106,0,0
2019-09-13,4215.0,12165.0,,164,92,13,3
2019-09-12,4214.0,12157.0,,182,99,0,0
2019-09-11,4213.0,12139.0,,146,9,74,53
2019-09-10,4213.0,12132.0,,126,32,0,0
2019-09-09,4212.0,12124.0,,123,62,0,0
2019-09-08,4211.0,12103.0,,137,92,1,1
2019-09-07,4211.0,12094.0,,142,83,10,49
2019-09-06,4210.0,12085.0,,139,20,23,119
2019-09-05,4209.0,12078.0,,140,86,7,14
2019-09-04,4208.0,12060.0,,151,23,27,64
2019-09-03,4207.0,12052.0,,166,26,0,-1
2019-09-02,4207.0,12045.0,,151,110,0,-1
2019-09-01,4206.0,12028.0,,165,64,5,13
2019-08-31,4206.0,12019.0,,204,107,0,-1
2019-08-30,4205.0,12011.0,,173,116,0,0
2019-08-29,4205.0,12004.0,,186,75,6,2
2019-08-28,4204.0,11983.0,,226,67,7,11
2019-08-27,4204.0,11974.0,,246,108,0,0
2019-08-26,4203.0,11966.0,,230,117,0,0
2019-08-25,4202.0,11948.0,,213,128,0,0
2019-08-24,4202.0,11941.0,,205,130,0,0
2019-08-23,4201.0,11933.0,,181,123,0,0
2019-08-22,4200.0,11926.0,,167,119,0,0
2019-08-21,4199.0,11906.0,,159,93,0,0
2019-08-20,4199.0,11896.0,,157,99,0,-1
2019-08-19,4198.0,11887.0,,169,105,0,-1
2019-08-18,4198.0,11867.0,,167,30,0,-1
2019-08-17,4197.0,11859.0,,177,23,32,24
2019-08-16,4197.0,11851.0,,172,53,18,2
2019-08-15,4196.0,11843.0,,172,38,12,61
2019-08-14,4196.0,11823.0,,159,80,56,48
2019-08-13,4195.0,11815.0,,141,81,36,77
2019-08-12,4194.0,11807.0,,162,62,35,28
2019-08-11,4193.0,11788.0,,179,58,0,0
2019-08-10,4193.0,11781.0,,201,93,0,-1
2019-08-09,4193.0,11777.0,,190,11,33,23
2019-08-08,4192.0,11773.0,,184,109,0,0
2019-08-07,4192.0,11770.0,,191,114,0,0
2019-08-06,4192.0,11766.0,,192,77,0,0
2019-08-05,4192.0,11762.0,,200,56,0,-1
2019-08-04,4192.0,11759.0,,190,55,0,0
2019-08-03,4192.0,11753.0,,180,10,0,-1
2019-08-02,4191.0,11747.0,,181,40,38,145
2019-08-01,4191.0,11742.0,,180,63,7,71
2019-07-31,4190.0,11737.0,,177,58,30,255
2019-07-30,4190.0,11731.0,,221,120,0,0
2019-07-29,4190.0,11726.0,,201,105,0,0
2019-07-28,4190.0,11720.0,,207,54,0,0
2019-07-27,4189.0,11713.0,,240,122,0,0
2019-07-26,4189.0,11707.0,,290,134,0,-1
2019-07-25,4188.0,11702.0,,280,125,0,0
2019-07-24,4188.0,11696.0,,266,131,0,0
2019-07-23,4188.0,11691.0,,235,149,0,0
2019-07-22,4187.0,11687.0,,205,56,0,0
2019-07-21,4187.0,11680.0,,187,128,0,0
2019-07-20,4186.0,11674.0,,194,50,22,18
2019-07-19,4185.0,11666.0,,194,58,0,-1
2019-07-18,4185.0,11659.0,,191,47,5,19
2019-07-17,4185.0,11641.0,,168,87,0,0
2019-07-16,4184.0,11634.0,,156,25,0,0
2019-07-15,4183.0,11627.0,,152,14,0,-1
2019-07-14,4182.0,11608.0,,156,35,8,3
2019-07-13,4182.0,11601.0,,168,32,8,3
2019-07-12,4181.0,11594.0,,169,33,28,212
2019-07-11,4181.0,11587.0,,177,40,13,13
2019-07-10,4180.0,11569.0,,144,6,46,32
2019-07-09,4179.0,11562.0,,149,126,0,-1
2019-07-08,4179.0,11554.0,,143,35,13,22
2019-07-07,4178.0,11537.0,,150,27,0,-1
2019-07-06,4177.0,11526.0,,162,25,34,19
2019-07-05,4177.0,11519.0,,181,107,0,0
2019-07-04,4176.0,11498.0,,164,135,0,0
2019-07-03,4175.0,11492.0,,154,110,0,-1
2019-07-02,4175.0,11486.0,,176,140,0,0
2019-07-01,4175.0,11477.0,,178,122,0,0
2019-06-30,4174.0,11460.0,,203,129,0,0
2019-06-29,4174.0,11453.0,,228,153,0,0
2019-06-28,4173.0,11445.0,,176,102,0,0
2019-06-27,4172.0,11439.0,,160,91,0,0
2019-06-26,4172.0,11420.0,,191,75,0,0
2019-06-25,4171.0,11414.0,,261,94,0,0
2019-06-24,4170.0,11407.0,,254,124,0,0
2019-06-23,4170.0,11387.0,,221,120,0,0
2019-06-22,4169.0,11380.0,,166,130,0,0
2019-06-21,4168.0,11373.0,,153,92,0,0
2019-06-20,4168.0,11366.0,,169,90,0,-1
2019-06-19,4167.0,11347.0,,188,68,30,104
2019-06-18,4167.0,11338.0,,203,120,0,0
2019-06-17,4166.0,11331.0,,193,148,0,0
2019-06-16,4165.0,11309.0,,171,102,0,0
2019-06-15,4165.0,11302.0,,162,30,36,50
2019-06-14,4164.0,11291.0,,172,95,7,13
2019-06-13,4164.0,11285.0,,144,53,11,44
2019-06-12,4163.0,11266.0,,145,45,27,75
2019-06-11,4162.0,11259.0,,154,66,24,5
2019-06-10,4162.0,11250.0,,175,55,32,109
2019-06-09,4161.0,11229.0,,153,73,0,-1
2019-06-08,4161.0,11223.0,,144,48,16,10
2019-06-07,4160.0,11216.0,,159,59,4,2
2019-06-06,4160.0,11207.0,,147,70,28,34
2019-06-05,4160.0,11188.0,,169,7,8,43
2019-06-04,4159.0,11179.0,,192,76,15,155
2019-06-03,4159.0,11174.0,,176,35,0,0
2019-06-02,4158.0,11156.0,,230,126,0,0
2019-06-01,4158.0,11147.0,,184,131,0,0
2019-05-31,4156.0,11139.0,,173,45,5,7
2019-05-30,4156.0,11119.0,,168,31,0,-1
2019-05-29,4155.0,11113.0,,135,144,0,-1
2019-05-28,4155.0,11106.0,,116,57,0,-1
2019-05-27,4154.0,11088.0,,145,81,0,-1
